0.7091
0.7091
0.7091
0.7091
0.7091
0.7091
0.7091
0.7091
0.7091
0.7091
0.7091
0.7091
0.7091
0.7091
0.7091
0.7091
0.7091
0.7091
0.7091
0.7091
0.7091
0.7091
0.7091
0.7091
0.7091
0.7091
0.7091
0.7091
0.7091
0.7091
0.7091
0.7091
0.7091
0.7091
0.7091
0.7091
0.7091
0.7091
0.7091
0.7091
0.7091
0.7091
0.7091
0.7091
0.7091
0.7091
0.7091
0.7091
0.7091
0.7091
0.7091
0.7091
0.7091
0.7091
0.7091
0.7091
0.7091
0.7091
0.7091
0.7091
0.7091
0.7091
0.7091
0.7091
0.7091
0.7091
0.7091
0.7091
0.7091
0.7091
0.7091
0.7091
0.7091
0.7091
0.7091
0.7091
0.7091
0.7091
0.7091
0.7091
0.7091
0.7091
0.7091
0.7091
0.7091
0.7091
0.7091
0.7091
0.7091
0.7091
0.7091
0.7091
0.7091
0.7091
0.7091
0.7091
0.7091
0.7091
0.7091
0.7091
0.7091
0.7091
0.7091
0.7091
0.7091
0.7091
0.7091
0.7091
0.7091
0.7091
0.7091
0.7091
0.7091
0.7091
0.7091
0.7091
0.7091
0.7091
0.7091
0.7091
0.7091
0.7091
0.7091
0.7091
0.7091
0.7091
0.7091
0.7091
0.7091
0.7091
0.7091
0.7091
0.7091
0.7091
0.7091
0.7091
0.7091
0.7091
0.7091
0.7091
0.7091
0.7091
0.7091
0.7091
0.7091
0.7091
0.7091
0.7091
0.7091
0.7091
0.7091
0.7091
0.7091
0.7091
0.7091
0.7091
0.7091
0.7091
0.7091
0.7091
0.7091
0.7091
0.7091
0.7091
0.7091
0.7091
0.7091
0.7091
0.7091
0.7091
0.7091
0.7091
0.7091
0.7091
0.7091
0.7091
0.7091
0.7091
0.7091
0.7091
0.7091
0.7091
0.7091
0.7091
0.7091
0.7091
0.7091
0.7091
0.7091
0.7091
0.7091
0.7091
0.7091
0.7091
0.7091
0.7091
0.7091
0.7091
0.7091
0.7091
0.7091
0.7091
0.7091
0.7091
0.7091
0.7091
0.7091
0.7091
0.7091
0.7091
0.7091
0.7091
0.7091
0.7091
0.7091
0.7091
0.7091
0.7091
0.7091
0.7091
0.7091
0.7091
0.7091
0.7091
0.7091
0.7091
0.7091
0.7091
0.7091
0.7091
0.7091
0.7091
0.7091
0.7091
0.7091
0.7091
0.7091
0.7091
0.7091
0.7091
0.7091
0.7091
0.7091
0.7091
0.7091
0.7091
0.7091
0.7091
0.7091
0.7091
0.7091
0.7091
0.7091
0.7091
0.7091
0.7091
0.7091
0.7091
0.7091
0.7091
0.7091
0.7091
0.7091
0.7091
0.7091
0.7091
0.7091
0.7091
0.7091
0.7091
0.7091
0.7091
0.7091
0.7091
0.7091
0.7091
0.7091
0.7091
0.7091
0.7091
0.7091
0.7091
0.7091
0.7091
0.7091
0.7091
0.7091
0.7091
0.7091
0.7091
0.7091
0.7091
0.7091
0.7091
0.7091
0.7091
0.7091
0.7091
0.7091
0.7091
0.7091
0.7091
0.7091
0.7091
0.7091
0.7091
0.7091
0.7091
0.7091
0.7091
0.7091
0.7091
0.7091
0.7091
0.7091
0.7091
0.7091
0.7091
0.7091
0.7091
0.7091
0.7091
0.7091
0.7091
0.7091
0.7091
0.7091
0.7091
0.7091
0.7091
0.7091
0.7091
0.7091
0.7091
0.7091
0.7091
0.7091
0.7091
0.7091
0.7091
0.7091
0.7091
0.7091
0.7091
0.7091
0.7091
0.7091
0.7091
0.7091
0.7091
0.7091
0.7091
0.7091
0.7091
0.7091
0.7091
0.7091
0.7091
0.7091
0.7091
0.7091
0.7091
0.7091
0.7091
0.7091
0.7091
0.7091
0.7091
0.7091
0.7091
0.7091
0.7091
0.7091
0.7091
0.7091
0.7091
0.7091
0.7091
0.7091
0.7091
0.7091
0.7091
0.7091
0.7091
0.7091
0.7091
0.7091
0.7091
0.7091
0.7091
0.7091
0.7091
0.7091
0.7091
0.7091
0.7091
0.7091
0.7091
0.7091
0.7091
0.7091
0.7091
0.7091
0.7091
0.7091
0.7091
0.7091
0.7091
0.7091
0.7091
0.7091
0.7091
0.7091
0.7091
0.7091
0.7091
0.7091
0.7091
0.7091
0.7091
0.7091
0.7091
0.7091
0.7091
0.7091
0.7091
0.7091
0.7091
0.7091
0.7091
0.7091
0.7091
0.7091
0.7091
0.7091
0.7091
0.7091
0.7091
0.7091
0.7091
0.7091
0.7091
0.7091
0.7091
0.7091
0.7091
0.7091
0.7091
0.7091
0.7091
0.7091
0.7091
0.7091
0.7091
0.7091
0.7091
0.7091
0.7091
0.7091
0.7091
0.7091
0.7091
0.7091
0.7091
0.7091
0.7091
0.7091
0.7091
0.7091
0.7091
0.7091
0.7091
0.7091
0.7091
0.7091
0.7091
0.7091
0.7091
0.7091
0.7091
0.7091
0.7091
0.7091
0.7091
0.7091
0.7091
0.7091
0.7091
0.7091
0.7091
0.7091
0.7091
0.7091
0.7091
0.7091
0.7091
0.7091
0.7091
0.7091
0.7091
0.7091
0.7091
0.7091
0.7091
0.7091
0.7091
0.7091
0.7091
0.7091
0.7091
0.7091
0.7091
0.7091
0.7091
0.7091
0.7091
0.7091
0.7091
0.7091
0.7091
0.7091
0.7091
0.7091
0.7091
0.7091
0.7091
0.7091
0.7091
0.7091
0.7091
0.7091
0.7091
0.7091
0.7091
0.7091
0.7091
0.7091
0.7091
0.7091
0.7091
0.7091
0.7091
0.7091
0.7091
0.7091
0.7091
0.7091
0.7091
0.7091
0.7091
0.7091
0.7091
0.7091
0.7091
0.7091
0.7091
0.7091
0.7091
0.7091
0.7091
0.7091
0.7091
0.7091
0.7091
0.7091
0.7091
0.7091
0.7091
0.7091
0.7091
0.7091
0.7091
0.7091
0.7091
0.7091
0.7091
0.7091
0.7091
0.7091
0.7091
0.7091
0.7091
0.7091
0.7091
0.7091
0.7091
0.7091
0.7091
0.7091
0.7091
0.7091
0.7091
0.7091
0.7091
0.7091
0.7091
0.7091
0.7091
0.7091
0.7091
0.7091
0.7091
0.7091
0.7091
0.7091
0.7091
0.7091
0.7091
0.7091
0.7091
0.7091
0.7091
0.7091
0.7091
0.7091
0.7091
0.7091
0.7091
0.7091
0.7091
0.7091
0.7091
0.7091
0.7091
0.7091
0.7091
0.7091
0.7091
0.7091
0.7091
0.7091
0.7091
0.7091
0.7091
0.7091
0.7091
0.7091
0.7091
0.7091
0.7091
0.7091
0.7091
0.7091
0.7091
0.7091
0.7091
0.7091
0.7091
0.7091
0.7091
0.7091
0.7091
0.7091
0.7091
0.7091
0.7091
0.7091
0.7091
0.7091
0.7091
0.7091
0.7091
0.7091
0.7091
0.7091
0.7091
0.7091
0.7091
0.7091
0.7091
0.7091
0.7091
0.7091
0.7091
0.7091
0.7091
0.7091
0.7091
0.7091
0.7091
0.7091
0.7091
0.7091
0.7091
0.7091
0.7091
0.7091
0.7091
0.7091
0.7091
0.7091
0.7091
0.7091
0.7091
0.7091
0.7091
0.7091
0.7091
0.7091
0.7091
0.7091
0.7091
0.7091
0.7091
0.7091
0.7091
0.7091
0.7091
0.7091
0.7091
0.7091
0.7091
0.7091
0.7091
0.7091
0.7091
0.7091
0.7091
0.7091
0.7091
0.7091
0.7091
0.7091
0.7091
0.7091
0.7091
0.7091
0.7091
0.7091
0.7091
0.7091
0.7091
0.7091
0.7091
0.7091
0.7091
0.7091
0.7091
0.7091
0.7091
0.7091
0.7091
0.7091
0.7091
0.7091
0.7091
0.7091
0.7091
0.7091
0.7091
0.7091
0.7091
0.7091
0.7091
0.7091
0.7091
0.7091
0.7091
0.7091
0.7091
0.7091
0.7091
0.7091
0.7091
0.7091
0.7091
0.7091
0.7091
0.7091
0.7091
0.7091
0.7091
0.7090
0.7090
0.7090
0.7090
0.7089
0.7088
0.7088
0.7087
0.7086
0.7086
0.7085
0.7084
0.7083
0.7082
0.7081
0.7080
0.7079
0.7078
0.7077
0.7076
0.7075
0.7074
0.7072
0.7071
0.7069
0.7068
0.7066
0.7064
0.7062
0.7061
0.7059
0.7056
0.7054
0.7052
0.7050
0.7047
0.7045
0.7042
0.7040
0.7037
0.7034
0.7032
0.7029
0.7026
0.7023
0.7020
0.7016
0.7013
0.7010
0.7007
0.7004
0.7000
0.6997
0.6993
0.6990
0.6986
0.6982
0.6979
0.6975
0.6971
0.6967
0.6963
0.6959
0.6955
0.6951
0.6947
0.6943
0.6939
0.6934
0.6930
0.6926
0.6922
0.6917
0.6913
0.6909
0.6904
0.6899
0.6895
0.6890
0.6885
0.6880
0.6875
0.6871
0.6866
0.6862
0.6857
0.6853
0.6848
0.6844
0.6839
0.6834
0.6830
0.6825
0.6821
0.6816
0.6812
0.6807
0.6802
0.6798
0.6793
0.6789
0.6784
0.6779
0.6774
0.6769
0.6765
0.6760
0.6755
0.6750
0.6745
0.6740
0.6736
0.6731
0.6726
0.6721
0.6716
0.6712
0.6707
0.6702
0.6697
0.6693
0.6688
0.6684
0.6679
0.6675
0.6670
0.6666
0.6661
0.6657
0.6653
0.6649
0.6644
0.6640
0.6636
0.6632
0.6627
0.6624
0.6620
0.6615
0.6611
0.6608
0.6604
0.6600
0.6596
0.6592
0.6587
0.6583
0.6579
0.6575
0.6571
0.6567
0.6563
0.6559
0.6555
0.6551
0.6547
0.6543
0.6539
0.6535
0.6531
0.6527
0.6523
0.6519
0.6515
0.6512
0.6508
0.6504
0.6500
0.6497
0.6493
0.6490
0.6486
0.6483
0.6479
0.6475
0.6472
0.6468
0.6464
0.6460
0.6457
0.6453
0.6449
0.6446
0.6442
0.6438
0.6435
0.6431
0.6427
0.6424
0.6420
0.6416
0.6413
0.6409
0.6405
0.6402
0.6398
0.6395
0.6391
0.6387
0.6384
0.6380
0.6376
0.6373
0.6369
0.6365
0.6362
0.6358
0.6355
0.6351
0.6348
0.6345
0.6341
0.6338
0.6335
0.6331
0.6328
0.6324
0.6321
0.6317
0.6314
0.6311
0.6308
0.6304
0.6301
0.6297
0.6294
0.6291
0.6287
0.6284
0.6281
0.6277
0.6273
0.6270
0.6267
0.6263
0.6260
0.6257
0.6254
0.6251
0.6248
0.6245
0.6241
0.6238
0.6235
0.6232
0.6229
0.6226
0.6223
0.6220
0.6217
0.6214
0.6211
0.6208
0.6205
0.6202
0.6200
0.6197
0.6194
0.6191
0.6188
0.6186
0.6183
0.6180
0.6178
0.6175
0.6173
0.6170
0.6168
0.6165
0.6162
0.6160
0.6157
0.6155
0.6152
0.6150
0.6147
0.6145
0.6143
0.6141
0.6139
0.6136
0.6134
0.6132
0.6130
0.6128
0.6126
0.6124
0.6122
0.6120
0.6117
0.6115
0.6113
0.6112
0.6110
0.6108
0.6106
0.6104
0.6102
0.6100
0.6098
0.6096
0.6094
0.6092
0.6090
0.6088
0.6085
0.6083
0.6081
0.6079
0.6077
0.6075
0.6073
0.6070
0.6068
0.6066
0.6064
0.6062
0.6060
0.6058
0.6055
0.6053
0.6051
0.6049
0.6047
0.6044
0.6042
0.6040
0.6037
0.6035
0.6033
0.6031
0.6028
0.6026
0.6024
0.6021
0.6019
0.6016
0.6014
0.6012
0.6009
0.6007
0.6005
0.6003
0.6000
0.5998
0.5996
0.5994
0.5991
0.5989
0.5987
0.5985
0.5983
0.5981
0.5978
0.5976
0.5974
0.5972
0.5970
0.5968
0.5966
0.5963
0.5961
0.5959
0.5956
0.5954
0.5952
0.5949
0.5947
0.5945
0.5943
0.5941
0.5939
0.5937
0.5935
0.5933
0.5931
0.5929
0.5927
0.5925
0.5923
0.5921
0.5919
0.5917
0.5916
0.5914
0.5912
0.5910
0.5909
0.5907
0.5906
0.5904
0.5902
0.5901
0.5899
0.5898
0.5896
0.5895
0.5893
0.5892
0.5890
0.5889
0.5887
0.5886
0.5884
0.5883
0.5881
0.5880
0.5879
0.5877
0.5876
0.5874
0.5873
0.5872
0.5870
0.5869
0.5867
0.5866
0.5865
0.5863
0.5862
0.5861
0.5859
0.5858
0.5857
0.5856
0.5855
0.5854
0.5853
0.5852
0.5851
0.5850
0.5849
0.5848
0.5847
0.5845
0.5844
0.5843
0.5842
0.5841
0.5840
0.5838
0.5837
0.5836
0.5835
0.5834
0.5833
0.5831
0.5830
0.5829
0.5828
0.5826
0.5825
0.5824
0.5823
0.5822
0.5820
0.5819
0.5818
0.5816
0.5815
0.5814
0.5813
0.5812
0.5810
0.5809
0.5808
0.5807
0.5806
0.5805
0.5803
0.5802
0.5801
0.5800
0.5799
0.5798
0.5796
0.5795
0.5794
0.5793
0.5792
0.5791
0.5790
0.5789
0.5788
0.5787
0.5786
0.5785
0.5784
0.5783
0.5782
0.5781
0.5780
0.5779
0.5778
0.5778
0.5777
0.5776
0.5775
0.5775
0.5774
0.5773
0.5773
0.5772
0.5771
0.5770
0.5770
0.5769
0.5768
0.5768
0.5767
0.5767
0.5766
0.5765
0.5765
0.5764
0.5764
0.5763
0.5763
0.5762
0.5762
0.5761
0.5761
0.5760
0.5760
0.5759
0.5758
0.5758
0.5757
0.5757
0.5756
0.5756
0.5756
0.5755
0.5755
0.5754
0.5754
0.5753
0.5753
0.5753
0.5752
0.5752
0.5751
0.5751
0.5750
0.5750
0.5750
0.5749
0.5749
0.5749
0.5748
0.5748
0.5748
0.5747
0.5747
0.5747
0.5746
0.5746
0.5746
0.5745
0.5745
0.5745
0.5744
0.5744
0.5744
0.5743
0.5743
0.5743
0.5743
0.5743
0.5742
0.5742
0.5742
0.5742
0.5742
0.5742
0.5742
0.5741
0.5741
0.5741
0.5741
0.5741
0.5741
0.5741
0.5741
0.5741
0.5741
0.5741
0.5741
0.5741
0.5741
0.5742
0.5742
0.5742
0.5742
0.5742
0.5742
0.5742
0.5742
0.5743
0.5743
0.5743
0.5743
0.5743
0.5744
0.5744
0.5744
0.5744
0.5745
0.5745
0.5745
0.5745
0.5746
0.5746
0.5746
0.5746
0.5747
0.5747
0.5747
0.5748
0.5748
0.5748
0.5749
0.5749
0.5750
0.5750
0.5751
0.5751
0.5751
0.5752
0.5752
0.5753
0.5753
0.5754
0.5754
0.5755
0.5755
0.5756
0.5756
0.5757
0.5758
0.5758
0.5759
0.5759
0.5760
0.5761
0.5761
0.5762
0.5762
0.5763
0.5764
0.5765
0.5765
0.5766
0.5767
0.5767
0.5768
0.5769
0.5770
0.5771
0.5771
0.5772
0.5773
0.5774
0.5775
0.5775
0.5776
0.5777
0.5778
0.5779
0.5780
0.5781
0.5782
0.5783
0.5783
0.5784
0.5785
0.5786
0.5787
0.5788
0.5789
0.5790
0.5791
0.5792
0.5793
0.5794
0.5795
0.5796
0.5797
0.5798
0.5799
0.5800
0.5801
0.5802
0.5803
0.5804
0.5805
0.5806
0.5807
0.5809
0.5810
0.5811
0.5812
0.5814
0.5815
0.5816
0.5817
0.5819
0.5820
0.5821
0.5823
0.5824
0.5825
0.5827
0.5828
0.5829
0.5831
0.5832
0.5833
0.5835
0.5836
0.5838
0.5839
0.5840
0.5842
0.5843
0.5845
0.5846
0.5848
0.5850
0.5851
0.5853
0.5854
0.5856
0.5857
0.5859
0.5861
0.5862
0.5864
0.5866
0.5868
0.5869
0.5871
0.5873
0.5874
0.5876
0.5878
0.5880
0.5881
0.5883
0.5885
0.5886
0.5888
0.5890
0.5892
0.5893
0.5895
0.5897
0.5898
0.5900
0.5902
0.5904
0.5905
0.5907
0.5909
0.5911
0.5912
0.5914
0.5916
0.5918
0.5919
0.5921
0.5923
0.5925
0.5927
0.5929
0.5931
0.5933
0.5934
0.5936
0.5938
0.5940
0.5942
0.5944
0.5946
0.5948
0.5950
0.5952
0.5953
0.5955
0.5957
0.5959
0.5961
0.5963
0.5965
0.5967
0.5969
0.5971
0.5973
0.5975
0.5977
0.5979
0.5981
0.5984
0.5986
0.5988
0.5990
0.5992
0.5994
0.5997
0.5999
0.6001
0.6003
0.6006
0.6008
0.6010
0.6012
0.6015
0.6017
0.6019
0.6022
0.6024
0.6026
0.6028
0.6030
0.6033
0.6035
0.6037
0.6040
0.6042
0.6044
0.6047
0.6049
0.6051
0.6053
0.6056
0.6058
0.6060
0.6062
0.6064
0.6067
0.6069
0.6071
0.6074
0.6076
0.6078
0.6081
0.6083
0.6085
0.6088
0.6090
0.6093
0.6095
0.6098
0.6100
0.6103
0.6105
0.6108
0.6110
0.6113
0.6115
0.6118
0.6120
0.6123
0.6125
0.6128
0.6130
0.6133
0.6135
0.6138
0.6140
0.6143
0.6145
0.6148
0.6151
0.6153
0.6156
0.6158
0.6161
0.6163
0.6166
0.6169
0.6171
0.6174
0.6176
0.6179
0.6182
0.6184
0.6187
0.6190
0.6192
0.6195
0.6197
0.6200
0.6203
0.6205
0.6208
0.6211
0.6214
0.6216
0.6219
0.6222
0.6225
0.6227
0.6230
0.6233
0.6235
0.6238
0.6241
0.6243
0.6246
0.6248
0.6251
0.6253
0.6256
0.6259
0.6261
0.6264
0.6266
0.6269
0.6272
0.6274
0.6277
0.6280
0.6282
0.6285
0.6288
0.6290
0.6293
0.6296
0.6299
0.6302
0.6305
0.6307
0.6310
0.6313
0.6316
0.6319
0.6322
0.6325
0.6327
0.6330
0.6333
0.6336
0.6339
0.6343
0.6346
0.6349
0.6352
0.6355
0.6358
0.6361
0.6364
0.6367
0.6370
0.6373
0.6376
0.6379
0.6383
0.6386
0.6389
0.6392
0.6396
0.6399
0.6402
0.6406
0.6409
0.6412
0.6415
0.6419
0.6422
0.6425
0.6428
0.6431
0.6434
0.6438
0.6441
0.6444
0.6447
0.6450
0.6453
0.6456
0.6460
0.6463
0.6466
0.6469
0.6473
0.6476
0.6479
0.6483
0.6486
0.6489
0.6493
0.6496
0.6499
0.6502
0.6506
0.6509
0.6513
0.6516
0.6519
0.6523
0.6526
0.6529
0.6533
0.6536
0.6539
0.6543
0.6546
0.6550
0.6553
0.6557
0.6560
0.6563
0.6567
0.6570
0.6574
0.6578
0.6581
0.6585
0.6588
0.6592
0.6596
0.6599
0.6603
0.6606
0.6610
0.6614
0.6617
0.6621
0.6625
0.6629
0.6633
0.6637
0.6640
0.6644
0.6648
0.6652
0.6656
0.6660
0.6664
0.6668
0.6672
0.6676
0.6680
0.6684
0.6688
0.6691
0.6695
0.6699
0.6703
0.6706
0.6710
0.6714
0.6718
0.6722
0.6726
0.6730
0.6734
0.6738
0.6742
0.6746
0.6750
0.6754
0.6758
0.6762
0.6766
0.6770
0.6774
0.6777
0.6781
0.6785
0.6790
0.6794
0.6798
0.6802
0.6806
0.6810
0.6814
0.6818
0.6822
0.6826
0.6831
0.6835
0.6839
0.6843
0.6847
0.6851
0.6856
0.6860
0.6864
0.6868
0.6873
0.6877
0.6881
0.6886
0.6890
0.6894
0.6899
0.6903
0.6907
0.6912
0.6916
0.6921
0.6926
0.6931
0.6935
0.6940
0.6945
0.6950
0.6955
0.6960
0.6965
0.6969
0.6974
0.6979
0.6984
0.6988
0.6993
0.6998
0.7002
0.7007
0.7012
0.7016
0.7021
0.7026
0.7031
0.7036
0.7041
0.7046
0.7051
0.7055
0.7060
0.7065
0.7070
0.7075
0.7080
0.7085
0.7090
0.7094
0.7099
0.7104
0.7109
0.7113
0.7118
0.7123
0.7127
0.7132
0.7137
0.7143
0.7147
0.7152
0.7157
0.7162
0.7167
0.7173
0.7178
0.7183
0.7188
0.7193
0.7199
0.7204
0.7209
0.7214
0.7219
0.7224
0.7229
0.7234
0.7239
0.7244
0.7249
0.7254
0.7258
0.7264
0.7269
0.7274
0.7279
0.7284
0.7290
0.7295
0.7300
0.7305
0.7311
0.7316
0.7321
0.7327
0.7332
0.7337
0.7343
0.7348
0.7353
0.7358
0.7363
0.7369
0.7374
0.7379
0.7384
0.7390
0.7395
0.7400
0.7405
0.7411
0.7416
0.7421
0.7426
0.7432
0.7437
0.7443
0.7448
0.7453
0.7458
0.7463
0.7468
0.7473
0.7479
0.7484
0.7489
0.7494
0.7499
0.7505
0.7510
0.7515
0.7520
0.7526
0.7531
0.7536
0.7541
0.7546
0.7552
0.7557
0.7562
0.7568
0.7573
0.7578
0.7583
0.7588
0.7593
0.7598
0.7603
0.7608
0.7614
0.7619
0.7624
0.7629
0.7635
0.7640
0.7645
0.7650
0.7656
0.7661
0.7667
0.7673
0.7679
0.7684
0.7690
0.7695
0.7701
0.7706
0.7712
0.7717
0.7723
0.7729
0.7735
0.7741
0.7746
0.7752
0.7757
0.7763
0.7769
0.7775
0.7780
0.7786
0.7792
0.7798
0.7804
0.7810
0.7816
0.7821
0.7827
0.7833
0.7838
0.7844
0.7849
0.7855
0.7860
0.7866
0.7871
0.7877
0.7882
0.7887
0.7892
0.7898
0.7903
0.7909
0.7915
0.7920
0.7926
0.7932
0.7937
0.7943
0.7948
0.7954
0.7960
0.7965
0.7971
0.7977
0.7982
0.7988
0.7993
0.7998
0.8004
0.8009
0.8014
0.8020
0.8025
0.8030
0.8036
0.8041
0.8046
0.8052
0.8057
0.8063
0.8068
0.8073
0.8078
0.8084
0.8089
0.8094
0.8100
0.8105
0.8110
0.8115
0.8120
0.8125
0.8130
0.8136
0.8141
0.8146
0.8151
0.8157
0.8162
0.8168
0.8173
0.8179
0.8184
0.8190
0.8195
0.8201
0.8207
0.8212
0.8218
0.8223
0.8229
0.8234
0.8239
0.8244
0.8249
0.8254
0.8259
0.8264
0.8269
0.8274
0.8279
0.8284
0.8288
0.8293
0.8298
0.8303
0.8308
0.8313
0.8318
0.8322
0.8327
0.8332
0.8337
0.8342
0.8346
0.8352
0.8356
0.8361
0.8366
0.8371
0.8376
0.8381
0.8386
0.8392
0.8397
0.8402
0.8407
0.8413
0.8418
0.8423
0.8428
0.8433
0.8438
0.8443
0.8448
0.8453
0.8458
0.8463
0.8468
0.8473
0.8478
0.8483
0.8487
0.8492
0.8497
0.8502
0.8507
0.8511
0.8517
0.8522
0.8527
0.8532
0.8536
0.8541
0.8546
0.8552
0.8557
0.8562
0.8568
0.8573
0.8578
0.8583
0.8588
0.8593
0.8598
0.8603
0.8608
0.8613
0.8618
0.8623
0.8628
0.8633
0.8638
0.8643
0.8648
0.8653
0.8658
0.8663
0.8668
0.8672
0.8677
0.8682
0.8686
0.8691
0.8695
0.8700
0.8704
0.8708
0.8713
0.8717
0.8721
0.8726
0.8731
0.8735
0.8740
0.8745
0.8749
0.8754
0.8758
0.8763
0.8768
0.8772
0.8777
0.8782
0.8787
0.8792
0.8796
0.8801
0.8806
0.8811
0.8815
0.8820
0.8825
0.8829
0.8834
0.8839
0.8844
0.8848
0.8853
0.8858
0.8863
0.8867
0.8872
0.8877
0.8882
0.8887
0.8891
0.8896
0.8900
0.8905
0.8909
0.8914
0.8918
0.8923
0.8927
0.8931
0.8936
0.8940
0.8944
0.8949
0.8953
0.8957
0.8962
0.8966
0.8971
0.8975
0.8980
0.8984
0.8989
0.8993
0.8997
0.9002
0.9006
0.9010
0.9014
0.9018
0.9022
0.9026
0.9030
0.9035
0.9039
0.9043
0.9047
0.9051
0.9055
0.9059
0.9063
0.9067
0.9071
0.9076
0.9080
0.9084
0.9089
0.9093
0.9097
0.9102
0.9106
0.9110
0.9115
0.9119
0.9123
0.9128
0.9132
0.9136
0.9141
0.9145
0.9149
0.9154
0.9159
0.9163
0.9168
0.9173
0.9177
0.9182
0.9187
0.9192
0.9197
0.9202
0.9207
0.9212
0.9217
0.9222
0.9227
0.9232
0.9237
0.9242
0.9246
0.9251
0.9256
0.9261
0.9266
0.9271
0.9275
0.9280
0.9285
0.9290
0.9294
0.9299
0.9304
0.9308
0.9313
0.9317
0.9321
0.9326
0.9330
0.9334
0.9339
0.9343
0.9347
0.9352
0.9356
0.9360
0.9364
0.9368
0.9373
0.9377
0.9381
0.9386
0.9390
0.9394
0.9398
0.9403
0.9407
0.9411
0.9415
0.9420
0.9424
0.9428
0.9432
0.9436
0.9440
0.9444
0.9448
0.9452
0.9456
0.9460
0.9464
0.9468
0.9472
0.9476
0.9481
0.9485
0.9489
0.9493
0.9497
0.9502
0.9506
0.9511
0.9516
0.9521
0.9525
0.9530
0.9535
0.9540
0.9544
0.9549
0.9554
0.9559
0.9563
0.9568
0.9573
0.9578
0.9582
0.9587
0.9592
0.9597
0.9602
0.9607
0.9611
0.9616
0.9621
0.9625
0.9630
0.9635
0.9639
0.9644
0.9648
0.9653
0.9657
0.9662
0.9667
0.9672
0.9677
0.9682
0.9687
0.9692
0.9697
0.9701
0.9707
0.9712
0.9717
0.9723
0.9728
0.9734
0.9739
0.9745
0.9750
0.9756
0.9761
0.9767
0.9772
0.9778
0.9784
0.9789
0.9795
0.9801
0.9807
0.9812
0.9818
0.9823
0.9829
0.9834
0.9840
0.9845
0.9851
0.9857
0.9863
0.9869
0.9875
0.9882
0.9888
0.9895
0.9902
0.9908
0.9915
0.9922
0.9929
0.9935
0.9942
0.9949
0.9955
0.9962
0.9969
0.9976
0.9983
0.9990
0.9997
1.0004
1.0011
1.0018
1.0025
1.0032
1.0039
1.0046
1.0053
1.0060
1.0067
1.0074
1.0082
1.0089
1.0096
1.0102
1.0109
1.0116
1.0123
1.0130
1.0137
1.0145
1.0152
1.0159
1.0166
1.0173
1.0180
1.0187
1.0195
1.0202
1.0210
1.0217
1.0225
1.0233
1.0241
1.0248
1.0256
1.0264
1.0272
1.0280
1.0287
1.0295
1.0303
1.0311
1.0319
1.0327
1.0336
1.0343
1.0351
1.0360
1.0368
1.0376
1.0385
1.0393
1.0402
1.0410
1.0419
1.0428
1.0437
1.0446
1.0455
1.0463
1.0472
1.0481
1.0490
1.0499
1.0508
1.0517
1.0526
1.0535
1.0543
1.0552
1.0561
1.0570
1.0579
1.0589
1.0598
1.0607
1.0617
1.0626
1.0636
1.0645
1.0654
1.0663
1.0673
1.0682
1.0692
1.0702
1.0711
1.0720
1.0729
1.0739
1.0748
1.0757
1.0766
1.0776
1.0786
1.0795
1.0805
1.0815
1.0825
1.0835
1.0845
1.0855
1.0865
1.0874
1.0884
1.0893
1.0903
1.0912
1.0922
1.0933
1.0943
1.0953
1.0963
1.0973
1.0984
1.0994
1.1005
1.1015
1.1025
1.1036
1.1046
1.1057
1.1068
1.1079
1.1090
1.1101
1.1113
1.1124
1.1136
1.1148
1.1159
1.1171
1.1183
1.1195
1.1207
1.1219
1.1231
1.1243
1.1254
1.1266
1.1278
1.1290
1.1302
1.1314
1.1326
1.1338
1.1350
1.1362
1.1374
1.1386
1.1397
1.1409
1.1421
1.1433
1.1444
1.1455
1.1467
1.1479
1.1491
1.1503
1.1514
1.1526
1.1538
1.1550
1.1562
1.1574
1.1587
1.1599
1.1612
1.1624
1.1636
1.1648
1.1660
1.1672
1.1685
1.1697
1.1710
1.1722
1.1734
1.1746
1.1758
1.1771
1.1783
1.1795
1.1807
1.1819
1.1831
1.1842
1.1854
1.1866
1.1878
1.1890
1.1902
1.1914
1.1926
1.1937
1.1950
1.1962
1.1974
1.1986
1.1998
1.2010
1.2022
1.2035
1.2047
1.2060
1.2072
1.2085
1.2098
1.2110
1.2123
1.2136
1.2149
1.2161
1.2174
1.2187
1.2199
1.2211
1.2224
1.2236
1.2247
1.2259
1.2271
1.2282
1.2294
1.2305
1.2316
1.2327
1.2339
1.2350
1.2361
1.2372
1.2383
1.2394
1.2405
1.2416
1.2427
1.2438
1.2449
1.2460
1.2471
1.2482
1.2493
1.2503
1.2514
1.2525
1.2536
1.2547
1.2558
1.2568
1.2578
1.2589
1.2600
1.2611
1.2622
1.2633
1.2645
1.2656
1.2667
1.2678
1.2689
1.2700
1.2711
1.2723
1.2734
1.2744
1.2756
1.2767
1.2778
1.2789
1.2800
1.2811
1.2823
1.2834
1.2846
1.2857
1.2869
1.2881
1.2892
1.2904
1.2916
1.2928
1.2940
1.2951
1.2964
1.2976
1.2988
1.3000
1.3012
1.3025
1.3037
1.3049
1.3062
1.3074
1.3086
1.3098
1.3109
1.3121
1.3133
1.3144
1.3156
1.3168
1.3180
1.3192
1.3204
1.3217
1.3229
1.3241
1.3253
1.3265
1.3277
1.3290
1.3302
1.3313
1.3325
1.3336
1.3348
1.3359
1.3370
1.3382
1.3393
1.3405
1.3416
1.3427
1.3438
1.3449
1.3461
1.3472
1.3483
1.3495
1.3506
1.3517
1.3528
1.3539
1.3550
1.3561
1.3572
1.3583
1.3594
1.3604
1.3615
1.3626
1.3636
1.3647
1.3658
1.3669
1.3680
1.3690
1.3701
1.3711
1.3722
1.3732
1.3742
1.3753
1.3763
1.3773
1.3784
1.3794
1.3805
1.3815
1.3826
1.3836
1.3846
1.3856
1.3866
1.3876
1.3885
1.3895
1.3905
1.3914
1.3924
1.3933
1.3943
1.3952
1.3961
1.3971
1.3980
1.3988
1.3997
1.4006
1.4015
1.4024
1.4034
1.4043
1.4052
1.4061
1.4070
1.4078
1.4086
1.4095
1.4103
1.4111
1.4119
1.4127
1.4135
1.4143
1.4150
1.4158
1.4165
1.4172
1.4180
1.4187
1.4195
1.4202
1.4210
1.4217
1.4224
1.4232
1.4239
1.4246
1.4253
1.4260
1.4267
1.4275
1.4282
1.4290
1.4297
1.4304
1.4311
1.4318
1.4325
1.4332
1.4339
1.4346
1.4354
1.4361
1.4368
1.4376
1.4383
1.4390
1.4397
1.4404
1.4411
1.4419
1.4426
1.4433
1.4440
1.4447
1.4454
1.4461
1.4467
1.4474
1.4480
1.4486
1.4493
1.4499
1.4506
1.4512
1.4519
1.4525
1.4532
1.4538
1.4545
1.4551
1.4557
1.4564
1.4570
1.4577
1.4584
1.4591
1.4599
1.4606
1.4612
1.4619
1.4626
1.4633
1.4640
1.4647
1.4653
1.4660
1.4667
1.4674
1.4681
1.4688
1.4695
1.4701
1.4708
1.4714
1.4721
1.4727
1.4734
1.4741
1.4747
1.4754
1.4760
1.4767
1.4773
1.4780
1.4786
1.4792
1.4799
1.4805
1.4811
1.4817
1.4823
1.4829
1.4835
1.4841
1.4847
1.4853
1.4859
1.4865
1.4870
1.4876
1.4882
1.4888
1.4894
1.4899
1.4905
1.4910
1.4916
1.4921
1.4926
1.4931
1.4937
1.4942
1.4947
1.4952
1.4957
1.4962
1.4966
1.4971
1.4975
1.4980
1.4984
1.4989
1.4993
1.4997
1.5001
1.5006
1.5010
1.5014
1.5018
1.5022
1.5026
1.5030
1.5034
1.5038
1.5042
1.5046
1.5050
1.5054
1.5057
1.5061
1.5064
1.5067
1.5071
1.5074
1.5077
1.5081
1.5084
1.5087
1.5091
1.5094
1.5098
1.5101
1.5105
1.5109
1.5112
1.5116
1.5120
1.5123
1.5128
1.5132
1.5136
1.5140
1.5143
1.5147
1.5151
1.5155
1.5160
1.5164
1.5168
1.5173
1.5178
1.5182
1.5187
1.5192
1.5197
1.5202
1.5207
1.5211
1.5216
1.5222
1.5227
1.5232
1.5237
1.5242
1.5247
1.5253
1.5258
1.5264
1.5269
1.5275
1.5281
1.5286
1.5292
1.5298
1.5304
1.5310
1.5316
1.5322
1.5328
1.5334
1.5340
1.5346
1.5351
1.5357
1.5363
1.5368
1.5373
1.5379
1.5384
1.5389
1.5394
1.5399
1.5403
1.5408
1.5413
1.5417
1.5421
1.5425
1.5428
1.5431
1.5434
1.5436
1.5439
1.5441
1.5444
1.5446
1.5448
1.5450
1.5452
1.5454
1.5455
1.5456
1.5457
1.5458
1.5459
1.5460
1.5461
1.5462
1.5463
1.5464
1.5465
1.5466
1.5467
1.5468
1.5469
1.5471
1.5473
1.5474
1.5476
1.5478
1.5480
1.5482
1.5483
1.5485
1.5486
1.5487
1.5488
1.5489
1.5490
1.5491
1.5492
1.5493
1.5494
1.5494
1.5494
1.5494
1.5494
1.5493
1.5493
1.5493
1.5492
1.5492
1.5492
1.5492
1.5491
1.5491
1.5491
1.5491
1.5491
1.5492
1.5492
1.5493
1.5495
1.5496
1.5499
1.5502
1.5504
1.5508
1.5512
1.5516
1.5520
1.5525
1.5529
1.5534
1.5541
1.5549
1.5557
1.5565
1.5574
1.5583
1.5592
1.5602
1.5614
1.5625
1.5637
1.5648
1.5660
1.5672
1.5684
1.5697
1.5709
1.5723
1.5737
1.5753
1.5769
1.5786
1.5802
1.5819
1.5836
1.5855
1.5876
1.5897
1.5918
1.5940
1.5962
1.5986
1.6011
1.6037
1.6063
1.6090
1.6117
1.6144
1.6172
1.6201
1.6229
1.6258
1.6287
1.6317
1.6347
1.6378
1.6409
1.6440
1.6472
1.6504
1.6537
1.6569
1.6602
1.6634
1.6666
1.6699
1.6731
1.6764
1.6798
1.6832
1.6865
1.6898
1.6930
1.6964
1.6999
1.7035
1.7071
1.7106
1.7142
1.7178
1.7215
1.7253
1.7292
1.7331
1.7369
1.7408
1.7448
1.7489
1.7529
1.7569
1.7609
1.7648
1.7688
1.7729
1.7770
1.7812
1.7852
1.7891
1.7929
1.7970
1.8010
1.8051
1.8091
1.8130
1.8169
1.8209
1.8250
1.8290
1.8331
1.8372
1.8413
1.8454
1.8495
1.8536
1.8578
1.8619
1.8659
1.8699
1.8740
1.8780
1.8820
1.8860
1.8899
1.8939
1.8979
1.9019
1.9060
1.9102
1.9142
1.9184
1.9226
1.9270
1.9315
1.9358
1.9402
1.9446
1.9490
1.9540
1.9590
1.9639
1.9686
1.9735
1.9784
1.9834
1.9888
1.9944
2.0000
2.0055
2.0112
2.0171
2.0229
2.0290
2.0352
2.0416
2.0479
2.0544
2.0607
2.0672
2.0736
2.0801
2.0867
2.0933
2.0999
2.1065
2.1130
2.1196
2.1260
2.1324
2.1392
2.1459
2.1527
2.1597
2.1666
2.1737
2.1806
2.1878
2.1951
2.2024
2.2097
2.2171
2.2246
2.2321
2.2396
2.2473
2.2551
2.2628
2.2705
2.2781
2.2857
2.2934
2.3012
2.3089
2.3163
2.3237
2.3311
2.3382
2.3452
2.3521
2.3584
2.3647
2.3709
2.3770
2.3830
2.3888
2.3943
2.3994
2.4044
2.4093
2.4139
2.4184
2.4226
2.4268
2.4307
2.4344
2.4379
2.4413
2.4446
2.4479
2.4510
2.4541
2.4572
2.4599
2.4626
2.4653
2.4679
2.4706
2.4732
2.4758
2.4782
2.4804
2.4825
2.4844
2.4861
2.4878
2.4895
2.4911
2.4925
2.4937
2.4949
2.4961
2.4971
2.4981
2.4989
2.4997
2.5003
2.5009
2.5014
2.5018
2.5022
2.5026
2.5028
2.5028
2.5028
2.5028
2.5028
2.5028
2.5028
2.5028
2.5028
2.5028
2.5028
2.5028
2.5028
2.5028
2.5028
2.5028
2.5028
2.5028
2.5028
2.5028
2.5028
2.5028
2.5028
2.5028
2.5028
2.5028
2.5028
2.5028
2.5028
2.5028
2.5028
2.5028
2.5028
2.5028
2.5028
2.5028
2.5028
2.5028
2.5028
2.5028
2.5028
2.5028
2.5028
2.5028
2.5028
2.5028
2.5028
2.5028
2.5028
2.5028
2.5028
2.5028
2.5028
2.5028
2.5028
2.5028
2.5028
2.5028
2.5028
2.5028
2.5028
2.5028
2.5028
2.5028
2.5028
2.5028
2.5028
2.5028
2.5028
2.5028
2.5028
2.5028
2.5028
2.5028
2.5028
2.5028
2.5028
2.5028
2.5028
2.5028
2.5028
2.5028
2.5028
2.5028
2.5028
2.5028
2.5028
2.5028
2.5028
2.5028
2.5028
2.5028
2.5028
2.5028
2.5028
2.5028
2.5028
2.5028
2.5028
2.5028
2.5028
2.5028
2.5028
2.5028
2.5028
2.5028
2.5028
2.5028
2.5028
2.5028
2.5028
2.5028
2.5028
2.5028
2.5028
2.5028
2.5028
2.5028
2.5028
2.5028
2.5028
2.5028
2.5028
2.5028
2.5028
2.5028
2.5028
2.5028
2.5028
2.5028
2.5028
2.5028
2.5028
2.5028
2.5028
2.5028
2.5028
2.5028
2.5028
2.5028
2.5028
2.5028
2.5028
2.5028
2.5028
2.5028
2.5028
2.5028
2.5028
2.5028
2.5028
2.5028
2.5028
2.5028
2.5028
2.5028
2.5028
2.5028
2.5028
2.5028
2.5028
2.5028
2.5028
2.5028
2.5028
2.5028
2.5028
2.5028
2.5028
2.5028
2.5028
2.5028
2.5028
2.5028
2.5028
2.5028
2.5028
2.5028
2.5028
2.5028
2.5028
2.5028
2.5028
2.5028
2.5028
2.5028
2.5028
2.5028
2.5028
2.5028
2.5028
2.5028
2.5028
2.5028
2.5028
2.5028
2.5028
2.5028
2.5028
2.5028
2.5028
2.5028
2.5028
2.5028
2.5028
2.5028
2.5028
2.5028
2.5028
2.5028
2.5028
2.5028
2.5028
2.5028
2.5028
2.5028
2.5028
2.5028
2.5028
2.5028
2.5028
2.5028
2.5028
2.5028
2.5028
2.5028
2.5028
2.5028
2.5028
2.5028
2.5028
2.5028
2.5028
2.5028
2.5028
2.5028
2.5028
2.5028
2.5028
2.5028
2.5028
2.5028
2.5028
2.5028
2.5028
2.5028
2.5028
2.5028
2.5028
2.5028
2.5028
2.5028
2.5028
2.5028
2.5028
2.5028
2.5028
2.5028
2.5028
2.5028
2.5028
2.5028
2.5028
2.5028
2.5028
2.5028
2.5028
2.5028
2.5028
2.5028
2.5028
2.5028
2.5028
2.5028
2.5028
2.5028
2.5028
2.5028
2.5028
2.5028
2.5028
2.5028
2.5028
2.5028
2.5028
2.5028
2.5028
2.5028
2.5028
2.5028
2.5028
2.5028
2.5028
2.5028
2.5028
2.5028
2.5028
2.5028
2.5028
2.5028
2.5028
2.5028
2.5028
2.5028
2.5028
2.5028
2.5028
2.5028
2.5028
2.5028
2.5028
2.5028
2.5028
2.5028
2.5028
2.5028
2.5028
2.5028
2.5028
2.5028
2.5028
2.5028
2.5028
2.5028
2.5028
2.5028
2.5028
2.5028
2.5028
2.5028
2.5028
2.5028
2.5028
2.5028
2.5028
2.5028
2.5028
2.5028
2.5028
2.5028
2.5028
2.5028
2.5028
2.5028
2.5028
2.5028
2.5028
2.5028
2.5028
2.5028
2.5028
2.5028
2.5028
2.5028
2.5028
2.5028
2.5028
2.5028
2.5028
2.5028
2.5028
2.5028
2.5028
2.5028
2.5028
2.5028
2.5028
2.5028
2.5028
2.5028
2.5028
2.5028
2.5028
2.5028
2.5028
2.5028
2.5028
2.5028
2.5028
2.5028
2.5028
2.5028
2.5028
2.5028
2.5028
2.5028
2.5028
2.5028
2.5028
2.5028
2.5028
2.5028
2.5028
2.5028
2.5028
2.5028
2.5028
2.5028
2.5028
2.5028
2.5028
2.5028
2.5028
2.5028
2.5028
2.5028
2.5028
2.5028
2.5028
2.5028
2.5028
2.5028
2.5028
2.5028
2.5028
2.5028
2.5028
2.5028
2.5028
2.5028
2.5028
2.5028
2.5028
2.5028
2.5028
2.5028
2.5028
2.5028
2.5028
2.5028
2.5028
2.5028
2.5028
2.5028
2.5028
2.5028
2.5028
2.5028
2.5028
2.5028
2.5028
2.5028
2.5028
2.5028
2.5028
2.5028
2.5028
2.5028
2.5028
2.5028
2.5028
2.5028
2.5028
2.5028
2.5028
2.5028
2.5028
2.5028
2.5028
2.5028
2.5028
2.5028
2.5028
2.5028
2.5028
2.5028
2.5028
2.5028
2.5028
2.5028
2.5028
2.5028
2.5028
2.5028
2.5028
2.5028
2.5028
2.5028
2.5028
2.5028
2.5028
2.5028
2.5028
2.5028
2.5028
2.5028
2.5028
2.5028
2.5028
2.5028
2.5028
2.5028
2.5028
2.5028
2.5028
2.5028
2.5028
2.5028
2.5028
2.5028
2.5028
2.5028
2.5028
2.5028
2.5028
2.5028
2.5028
2.5028
2.5028
2.5028
2.5028
2.5028
2.5028
2.5028
2.5028
2.5028
2.5028
2.5028
2.5028
2.5028
2.5028
2.5028
2.5028
2.5028
2.5028
2.5028
2.5028
2.5028
2.5028
2.5028
2.5028
2.5028
2.5028
2.5028
2.5028
2.5028
2.5028
2.5028
2.5028
2.5028
2.5028
2.5028
2.5028
2.5028
2.5028
2.5028
2.5028
2.5028
2.5028
2.5028
2.5028
2.5028
2.5028
2.5028
2.5028
2.5028
2.5028
2.5028
2.5028
2.5028
2.5028
2.5028
2.5028
2.5028
2.5028
2.5028
2.5028
2.5028
2.5028
2.5028
2.5028
2.5028
2.5028
2.5028
2.5028
2.5028
2.5028
2.5028
2.5028
2.5028
2.5028
2.5028
2.5028
2.5028
2.5028
2.5028
2.5028
2.5028
2.5028
2.5028
2.5028
2.5028
2.5028
2.5028
2.5028
2.5028
2.5028
2.5028
2.5028
2.5028
2.5028
2.5028
2.5028
2.5028
2.5028
2.5028
2.5028
2.5028
2.5028
2.5028
2.5028
2.5028
2.5028
2.5028
2.5028
2.5028
2.5028
2.5028
2.5028
2.5028
2.5028
2.5028
2.5028
2.5028
2.5028
2.5028
2.5028
2.5028
2.5028
2.5028
2.5028
2.5028
2.5028
2.5028
2.5028
2.5028
2.5028
2.5028
2.5028
2.5028
2.5028
2.5028
2.5028
2.5028
2.5028
2.5028
2.5028
2.5028
2.5028
2.5028
2.5028
2.5028
2.5028
2.5028
2.5028
2.5028
2.5028
2.5028
2.5028
2.5028
2.5028
2.5028
2.5028
2.5028
2.5028
2.5028
2.5028
