0.2137
0.2137
0.2137
0.2137
0.2137
0.2137
0.2137
0.2137
0.2137
0.2137
0.2137
0.2137
0.2137
0.2137
0.2137
0.2137
0.2137
0.2137
0.2137
0.2137
0.2137
0.2137
0.2137
0.2137
0.2137
0.2137
0.2137
0.2137
0.2137
0.2137
0.2137
0.2137
0.2137
0.2137
0.2137
0.2137
0.2137
0.2137
0.2137
0.2137
0.2137
0.2137
0.2137
0.2137
0.2137
0.2137
0.2137
0.2137
0.2137
0.2137
0.2137
0.2137
0.2137
0.2137
0.2137
0.2137
0.2137
0.2137
0.2137
0.2137
0.2137
0.2137
0.2137
0.2137
0.2137
0.2137
0.2137
0.2137
0.2137
0.2137
0.2137
0.2137
0.2137
0.2137
0.2137
0.2137
0.2137
0.2137
0.2137
0.2137
0.2137
0.2137
0.2137
0.2137
0.2137
0.2137
0.2137
0.2137
0.2137
0.2137
0.2137
0.2137
0.2137
0.2137
0.2137
0.2137
0.2137
0.2137
0.2137
0.2137
0.2137
0.2137
0.2137
0.2137
0.2137
0.2137
0.2137
0.2137
0.2137
0.2137
0.2137
0.2137
0.2137
0.2137
0.2137
0.2137
0.2137
0.2137
0.2137
0.2137
0.2137
0.2137
0.2137
0.2137
0.2137
0.2137
0.2137
0.2137
0.2137
0.2137
0.2137
0.2137
0.2137
0.2137
0.2137
0.2137
0.2137
0.2137
0.2137
0.2137
0.2137
0.2137
0.2137
0.2137
0.2137
0.2137
0.2137
0.2137
0.2137
0.2137
0.2137
0.2137
0.2137
0.2137
0.2137
0.2137
0.2137
0.2137
0.2137
0.2137
0.2137
0.2137
0.2137
0.2137
0.2137
0.2137
0.2137
0.2137
0.2137
0.2137
0.2137
0.2137
0.2137
0.2137
0.2137
0.2137
0.2137
0.2137
0.2137
0.2137
0.2137
0.2137
0.2137
0.2137
0.2137
0.2137
0.2137
0.2137
0.2137
0.2137
0.2137
0.2137
0.2137
0.2137
0.2137
0.2137
0.2137
0.2137
0.2137
0.2137
0.2137
0.2137
0.2137
0.2137
0.2137
0.2137
0.2137
0.2137
0.2137
0.2137
0.2137
0.2137
0.2137
0.2137
0.2137
0.2137
0.2137
0.2137
0.2137
0.2137
0.2137
0.2137
0.2137
0.2137
0.2137
0.2137
0.2137
0.2137
0.2137
0.2137
0.2137
0.2137
0.2137
0.2137
0.2137
0.2137
0.2137
0.2137
0.2137
0.2137
0.2137
0.2137
0.2137
0.2137
0.2137
0.2137
0.2137
0.2137
0.2137
0.2137
0.2137
0.2137
0.2137
0.2137
0.2137
0.2137
0.2137
0.2137
0.2137
0.2137
0.2137
0.2137
0.2137
0.2137
0.2137
0.2137
0.2137
0.2137
0.2137
0.2137
0.2137
0.2137
0.2137
0.2137
0.2137
0.2137
0.2137
0.2137
0.2137
0.2137
0.2137
0.2137
0.2137
0.2137
0.2137
0.2137
0.2137
0.2137
0.2137
0.2137
0.2137
0.2137
0.2137
0.2137
0.2137
0.2137
0.2137
0.2137
0.2137
0.2137
0.2137
0.2137
0.2137
0.2137
0.2137
0.2137
0.2137
0.2137
0.2137
0.2137
0.2137
0.2137
0.2137
0.2137
0.2137
0.2137
0.2137
0.2137
0.2137
0.2137
0.2137
0.2137
0.2137
0.2137
0.2137
0.2137
0.2137
0.2137
0.2137
0.2137
0.2137
0.2137
0.2137
0.2137
0.2137
0.2137
0.2137
0.2137
0.2137
0.2137
0.2137
0.2137
0.2137
0.2137
0.2137
0.2137
0.2137
0.2137
0.2137
0.2137
0.2137
0.2137
0.2137
0.2137
0.2137
0.2137
0.2137
0.2137
0.2137
0.2137
0.2137
0.2137
0.2137
0.2137
0.2137
0.2137
0.2137
0.2137
0.2137
0.2137
0.2137
0.2137
0.2137
0.2137
0.2137
0.2137
0.2137
0.2137
0.2137
0.2137
0.2137
0.2137
0.2137
0.2137
0.2137
0.2137
0.2137
0.2137
0.2137
0.2137
0.2137
0.2137
0.2137
0.2137
0.2137
0.2137
0.2137
0.2137
0.2137
0.2137
0.2137
0.2137
0.2137
0.2137
0.2137
0.2137
0.2137
0.2137
0.2137
0.2137
0.2137
0.2137
0.2137
0.2137
0.2137
0.2137
0.2137
0.2137
0.2137
0.2137
0.2137
0.2137
0.2137
0.2137
0.2137
0.2137
0.2137
0.2137
0.2137
0.2137
0.2137
0.2137
0.2137
0.2137
0.2137
0.2137
0.2137
0.2137
0.2137
0.2137
0.2137
0.2137
0.2137
0.2137
0.2137
0.2137
0.2137
0.2137
0.2137
0.2137
0.2137
0.2137
0.2137
0.2137
0.2137
0.2137
0.2137
0.2137
0.2137
0.2137
0.2137
0.2137
0.2137
0.2137
0.2137
0.2137
0.2137
0.2137
0.2137
0.2137
0.2137
0.2137
0.2137
0.2137
0.2137
0.2137
0.2137
0.2137
0.2137
0.2137
0.2137
0.2137
0.2137
0.2137
0.2137
0.2137
0.2137
0.2137
0.2137
0.2137
0.2137
0.2137
0.2137
0.2137
0.2137
0.2137
0.2137
0.2137
0.2137
0.2137
0.2137
0.2137
0.2137
0.2137
0.2137
0.2137
0.2137
0.2137
0.2137
0.2137
0.2137
0.2137
0.2137
0.2137
0.2137
0.2137
0.2137
0.2137
0.2137
0.2137
0.2137
0.2137
0.2137
0.2137
0.2137
0.2137
0.2137
0.2137
0.2137
0.2137
0.2137
0.2137
0.2137
0.2137
0.2137
0.2137
0.2137
0.2137
0.2137
0.2137
0.2137
0.2137
0.2137
0.2137
0.2137
0.2137
0.2137
0.2137
0.2137
0.2137
0.2137
0.2137
0.2137
0.2137
0.2137
0.2137
0.2137
0.2137
0.2137
0.2137
0.2137
0.2137
0.2137
0.2137
0.2137
0.2137
0.2137
0.2137
0.2137
0.2137
0.2137
0.2137
0.2137
0.2137
0.2137
0.2137
0.2137
0.2137
0.2137
0.2137
0.2137
0.2137
0.2137
0.2137
0.2137
0.2137
0.2137
0.2137
0.2137
0.2137
0.2137
0.2137
0.2137
0.2137
0.2137
0.2137
0.2137
0.2137
0.2137
0.2137
0.2137
0.2137
0.2137
0.2137
0.2137
0.2137
0.2137
0.2137
0.2137
0.2137
0.2137
0.2137
0.2137
0.2137
0.2137
0.2137
0.2137
0.2137
0.2137
0.2137
0.2137
0.2137
0.2137
0.2137
0.2137
0.2137
0.2137
0.2137
0.2137
0.2137
0.2137
0.2137
0.2137
0.2137
0.2137
0.2137
0.2137
0.2137
0.2137
0.2137
0.2137
0.2137
0.2137
0.2137
0.2137
0.2137
0.2137
0.2137
0.2137
0.2137
0.2137
0.2137
0.2137
0.2137
0.2137
0.2137
0.2137
0.2137
0.2137
0.2137
0.2137
0.2137
0.2137
0.2137
0.2137
0.2137
0.2137
0.2137
0.2137
0.2137
0.2137
0.2137
0.2137
0.2137
0.2137
0.2137
0.2137
0.2137
0.2137
0.2137
0.2137
0.2137
0.2137
0.2137
0.2137
0.2137
0.2137
0.2137
0.2137
0.2137
0.2137
0.2137
0.2137
0.2137
0.2137
0.2137
0.2137
0.2137
0.2137
0.2137
0.2137
0.2137
0.2137
0.2137
0.2137
0.2137
0.2137
0.2137
0.2137
0.2137
0.2137
0.2137
0.2137
0.2137
0.2137
0.2137
0.2137
0.2137
0.2137
0.2137
0.2137
0.2137
0.2137
0.2137
0.2137
0.2137
0.2137
0.2137
0.2137
0.2137
0.2137
0.2137
0.2137
0.2137
0.2137
0.2137
0.2137
0.2137
0.2137
0.2137
0.2137
0.2137
0.2137
0.2137
0.2137
0.2137
0.2137
0.2137
0.2137
0.2137
0.2137
0.2137
0.2137
0.2137
0.2137
0.2137
0.2137
0.2137
0.2137
0.2137
0.2137
0.2137
0.2137
0.2137
0.2137
0.2137
0.2137
0.2137
0.2137
0.2137
0.2137
0.2137
0.2137
0.2137
0.2137
0.2137
0.2137
0.2137
0.2137
0.2137
0.2138
0.2138
0.2138
0.2138
0.2138
0.2139
0.2139
0.2139
0.2139
0.2140
0.2140
0.2140
0.2140
0.2141
0.2141
0.2141
0.2142
0.2142
0.2143
0.2143
0.2143
0.2144
0.2144
0.2145
0.2145
0.2146
0.2146
0.2147
0.2147
0.2148
0.2149
0.2149
0.2150
0.2150
0.2151
0.2152
0.2152
0.2153
0.2154
0.2154
0.2155
0.2156
0.2157
0.2157
0.2158
0.2159
0.2160
0.2161
0.2162
0.2162
0.2163
0.2164
0.2165
0.2166
0.2167
0.2168
0.2169
0.2170
0.2171
0.2171
0.2172
0.2173
0.2174
0.2175
0.2176
0.2177
0.2178
0.2179
0.2180
0.2181
0.2182
0.2183
0.2183
0.2184
0.2185
0.2186
0.2187
0.2188
0.2189
0.2190
0.2191
0.2192
0.2193
0.2194
0.2195
0.2196
0.2197
0.2198
0.2199
0.2199
0.2200
0.2201
0.2202
0.2203
0.2204
0.2205
0.2206
0.2207
0.2208
0.2209
0.2210
0.2211
0.2212
0.2213
0.2214
0.2215
0.2216
0.2217
0.2218
0.2219
0.2220
0.2221
0.2222
0.2223
0.2224
0.2225
0.2226
0.2227
0.2228
0.2229
0.2230
0.2231
0.2232
0.2233
0.2234
0.2235
0.2236
0.2237
0.2238
0.2239
0.2240
0.2241
0.2242
0.2243
0.2244
0.2245
0.2246
0.2247
0.2248
0.2249
0.2250
0.2251
0.2252
0.2253
0.2254
0.2255
0.2256
0.2258
0.2259
0.2260
0.2261
0.2262
0.2263
0.2264
0.2265
0.2266
0.2267
0.2268
0.2269
0.2270
0.2271
0.2272
0.2273
0.2274
0.2276
0.2277
0.2278
0.2279
0.2280
0.2281
0.2282
0.2283
0.2284
0.2285
0.2286
0.2287
0.2289
0.2290
0.2291
0.2292
0.2293
0.2294
0.2295
0.2296
0.2297
0.2298
0.2300
0.2301
0.2302
0.2303
0.2304
0.2305
0.2306
0.2307
0.2309
0.2310
0.2311
0.2312
0.2313
0.2314
0.2315
0.2316
0.2318
0.2319
0.2320
0.2321
0.2322
0.2323
0.2324
0.2326
0.2327
0.2328
0.2329
0.2330
0.2331
0.2333
0.2334
0.2335
0.2336
0.2337
0.2338
0.2340
0.2341
0.2342
0.2343
0.2344
0.2345
0.2347
0.2348
0.2349
0.2350
0.2351
0.2352
0.2354
0.2355
0.2356
0.2357
0.2358
0.2360
0.2361
0.2362
0.2363
0.2364
0.2366
0.2367
0.2368
0.2369
0.2371
0.2372
0.2373
0.2374
0.2375
0.2377
0.2378
0.2379
0.2380
0.2382
0.2383
0.2384
0.2385
0.2387
0.2388
0.2389
0.2390
0.2392
0.2393
0.2394
0.2395
0.2397
0.2398
0.2399
0.2400
0.2402
0.2403
0.2404
0.2405
0.2407
0.2408
0.2409
0.2410
0.2412
0.2413
0.2414
0.2416
0.2417
0.2418
0.2419
0.2421
0.2422
0.2423
0.2425
0.2426
0.2427
0.2429
0.2430
0.2431
0.2432
0.2434
0.2435
0.2436
0.2438
0.2439
0.2440
0.2442
0.2443
0.2444
0.2446
0.2447
0.2448
0.2450
0.2451
0.2452
0.2454
0.2455
0.2456
0.2458
0.2459
0.2460
0.2462
0.2463
0.2464
0.2466
0.2467
0.2468
0.2470
0.2471
0.2473
0.2474
0.2475
0.2477
0.2478
0.2479
0.2481
0.2482
0.2484
0.2485
0.2486
0.2488
0.2489
0.2491
0.2492
0.2493
0.2495
0.2496
0.2498
0.2499
0.2500
0.2502
0.2503
0.2505
0.2506
0.2507
0.2509
0.2510
0.2512
0.2513
0.2515
0.2516
0.2517
0.2519
0.2520
0.2522
0.2523
0.2525
0.2526
0.2527
0.2529
0.2530
0.2532
0.2533
0.2535
0.2536
0.2538
0.2539
0.2541
0.2542
0.2543
0.2545
0.2546
0.2548
0.2549
0.2551
0.2552
0.2554
0.2555
0.2557
0.2558
0.2560
0.2561
0.2563
0.2564
0.2566
0.2567
0.2569
0.2570
0.2572
0.2573
0.2575
0.2576
0.2578
0.2579
0.2581
0.2582
0.2584
0.2586
0.2587
0.2589
0.2590
0.2592
0.2593
0.2595
0.2596
0.2598
0.2599
0.2601
0.2602
0.2604
0.2606
0.2607
0.2609
0.2610
0.2612
0.2613
0.2615
0.2617
0.2618
0.2620
0.2621
0.2623
0.2624
0.2626
0.2628
0.2629
0.2631
0.2632
0.2634
0.2636
0.2637
0.2639
0.2640
0.2642
0.2644
0.2645
0.2647
0.2649
0.2650
0.2652
0.2653
0.2655
0.2657
0.2658
0.2660
0.2662
0.2663
0.2665
0.2667
0.2668
0.2670
0.2671
0.2673
0.2675
0.2676
0.2678
0.2680
0.2681
0.2683
0.2685
0.2686
0.2688
0.2690
0.2691
0.2693
0.2695
0.2697
0.2698
0.2700
0.2702
0.2703
0.2705
0.2707
0.2708
0.2710
0.2712
0.2714
0.2715
0.2717
0.2719
0.2720
0.2722
0.2724
0.2726
0.2727
0.2729
0.2731
0.2733
0.2734
0.2736
0.2738
0.2740
0.2741
0.2743
0.2745
0.2747
0.2748
0.2750
0.2752
0.2754
0.2755
0.2757
0.2759
0.2761
0.2763
0.2764
0.2766
0.2768
0.2770
0.2771
0.2773
0.2775
0.2777
0.2779
0.2780
0.2782
0.2784
0.2786
0.2788
0.2790
0.2791
0.2793
0.2795
0.2797
0.2799
0.2801
0.2802
0.2804
0.2806
0.2808
0.2810
0.2812
0.2813
0.2815
0.2817
0.2819
0.2821
0.2823
0.2825
0.2827
0.2828
0.2830
0.2832
0.2834
0.2836
0.2838
0.2840
0.2842
0.2843
0.2845
0.2847
0.2849
0.2851
0.2853
0.2855
0.2857
0.2859
0.2861
0.2863
0.2865
0.2866
0.2868
0.2870
0.2872
0.2874
0.2876
0.2878
0.2880
0.2882
0.2884
0.2886
0.2888
0.2890
0.2892
0.2894
0.2896
0.2898
0.2900
0.2902
0.2904
0.2906
0.2908
0.2910
0.2912
0.2914
0.2916
0.2918
0.2920
0.2922
0.2924
0.2926
0.2928
0.2930
0.2932
0.2934
0.2936
0.2938
0.2940
0.2942
0.2944
0.2946
0.2948
0.2950
0.2952
0.2954
0.2956
0.2958
0.2960
0.2962
0.2964
0.2966
0.2969
0.2971
0.2973
0.2975
0.2977
0.2979
0.2981
0.2983
0.2985
0.2987
0.2989
0.2992
0.2994
0.2996
0.2998
0.3000
0.3002
0.3004
0.3006
0.3009
0.3011
0.3013
0.3015
0.3017
0.3019
0.3021
0.3024
0.3026
0.3028
0.3030
0.3032
0.3034
0.3037
0.3039
0.3041
0.3043
0.3045
0.3047
0.3050
0.3052
0.3054
0.3056
0.3058
0.3061
0.3063
0.3065
0.3067
0.3069
0.3072
0.3074
0.3076
0.3078
0.3081
0.3083
0.3085
0.3087
0.3090
0.3092
0.3094
0.3096
0.3099
0.3101
0.3103
0.3105
0.3108
0.3110
0.3112
0.3114
0.3117
0.3119
0.3121
0.3124
0.3126
0.3128
0.3130
0.3133
0.3135
0.3137
0.3140
0.3142
0.3144
0.3147
0.3149
0.3151
0.3154
0.3156
0.3158
0.3161
0.3163
0.3165
0.3168
0.3170
0.3172
0.3175
0.3177
0.3180
0.3182
0.3184
0.3187
0.3189
0.3191
0.3194
0.3196
0.3199
0.3201
0.3203
0.3206
0.3208
0.3211
0.3213
0.3216
0.3218
0.3220
0.3223
0.3225
0.3228
0.3230
0.3233
0.3235
0.3238
0.3240
0.3242
0.3245
0.3247
0.3250
0.3252
0.3255
0.3257
0.3260
0.3262
0.3265
0.3267
0.3270
0.3272
0.3275
0.3277
0.3280
0.3282
0.3285
0.3287
0.3290
0.3292
0.3295
0.3298
0.3300
0.3303
0.3305
0.3308
0.3310
0.3313
0.3315
0.3318
0.3321
0.3323
0.3326
0.3328
0.3331
0.3333
0.3336
0.3339
0.3341
0.3344
0.3346
0.3349
0.3352
0.3354
0.3357
0.3360
0.3362
0.3365
0.3367
0.3370
0.3373
0.3375
0.3378
0.3381
0.3383
0.3386
0.3389
0.3391
0.3394
0.3397
0.3399
0.3402
0.3405
0.3407
0.3410
0.3413
0.3416
0.3418
0.3421
0.3424
0.3426
0.3429
0.3432
0.3435
0.3437
0.3440
0.3443
0.3446
0.3448
0.3451
0.3454
0.3457
0.3459
0.3462
0.3465
0.3468
0.3471
0.3473
0.3476
0.3479
0.3482
0.3485
0.3487
0.3490
0.3493
0.3496
0.3499
0.3501
0.3504
0.3507
0.3510
0.3513
0.3516
0.3519
0.3521
0.3524
0.3527
0.3530
0.3533
0.3536
0.3539
0.3541
0.3544
0.3547
0.3550
0.3553
0.3556
0.3559
0.3562
0.3565
0.3568
0.3571
0.3574
0.3576
0.3579
0.3582
0.3585
0.3588
0.3591
0.3594
0.3597
0.3600
0.3603
0.3606
0.3609
0.3612
0.3615
0.3618
0.3621
0.3624
0.3627
0.3630
0.3633
0.3636
0.3639
0.3642
0.3645
0.3648
0.3651
0.3654
0.3657
0.3660
0.3663
0.3667
0.3670
0.3673
0.3676
0.3679
0.3682
0.3685
0.3688
0.3691
0.3694
0.3697
0.3701
0.3704
0.3707
0.3710
0.3713
0.3716
0.3719
0.3722
0.3726
0.3729
0.3732
0.3735
0.3738
0.3741
0.3745
0.3748
0.3751
0.3754
0.3757
0.3761
0.3764
0.3767
0.3770
0.3773
0.3777
0.3780
0.3783
0.3786
0.3790
0.3793
0.3796
0.3799
0.3803
0.3806
0.3809
0.3812
0.3816
0.3819
0.3822
0.3826
0.3829
0.3832
0.3835
0.3839
0.3842
0.3845
0.3849
0.3852
0.3855
0.3859
0.3862
0.3865
0.3869
0.3872
0.3876
0.3879
0.3882
0.3886
0.3889
0.3892
0.3896
0.3899
0.3903
0.3906
0.3909
0.3913
0.3916
0.3920
0.3923
0.3927
0.3930
0.3933
0.3937
0.3940
0.3944
0.3947
0.3951
0.3954
0.3958
0.3961
0.3965
0.3968
0.3972
0.3975
0.3979
0.3982
0.3986
0.3989
0.3993
0.3996
0.4000
0.4004
0.4007
0.4011
0.4014
0.4018
0.4021
0.4025
0.4029
0.4032
0.4036
0.4039
0.4043
0.4047
0.4050
0.4054
0.4057
0.4061
0.4065
0.4068
0.4072
0.4076
0.4079
0.4083
0.4087
0.4090
0.4094
0.4098
0.4101
0.4105
0.4109
0.4113
0.4116
0.4120
0.4124
0.4127
0.4131
0.4135
0.4139
0.4142
0.4146
0.4150
0.4154
0.4157
0.4161
0.4165
0.4169
0.4173
0.4176
0.4180
0.4184
0.4188
0.4192
0.4196
0.4199
0.4203
0.4207
0.4211
0.4215
0.4219
0.4222
0.4226
0.4230
0.4234
0.4238
0.4242
0.4246
0.4250
0.4254
0.4258
0.4261
0.4265
0.4269
0.4273
0.4277
0.4281
0.4285
0.4289
0.4293
0.4297
0.4301
0.4305
0.4309
0.4313
0.4317
0.4321
0.4325
0.4329
0.4333
0.4337
0.4341
0.4345
0.4349
0.4353
0.4357
0.4362
0.4366
0.4370
0.4374
0.4378
0.4382
0.4386
0.4390
0.4394
0.4398
0.4403
0.4407
0.4411
0.4415
0.4419
0.4423
0.4428
0.4432
0.4436
0.4440
0.4444
0.4448
0.4453
0.4457
0.4461
0.4465
0.4470
0.4474
0.4478
0.4482
0.4487
0.4491
0.4495
0.4499
0.4504
0.4508
0.4512
0.4517
0.4521
0.4525
0.4530
0.4534
0.4538
0.4543
0.4547
0.4551
0.4556
0.4560
0.4564
0.4569
0.4573
0.4577
0.4582
0.4586
0.4591
0.4595
0.4600
0.4604
0.4608
0.4613
0.4617
0.4622
0.4626
0.4631
0.4635
0.4640
0.4644
0.4649
0.4653
0.4658
0.4662
0.4667
0.4671
0.4676
0.4680
0.4685
0.4689
0.4694
0.4699
0.4703
0.4708
0.4712
0.4717
0.4721
0.4726
0.4731
0.4735
0.4740
0.4745
0.4749
0.4754
0.4759
0.4763
0.4768
0.4773
0.4777
0.4782
0.4787
0.4791
0.4796
0.4801
0.4806
0.4810
0.4815
0.4820
0.4825
0.4829
0.4834
0.4839
0.4844
0.4848
0.4853
0.4858
0.4863
0.4868
0.4873
0.4877
0.4882
0.4887
0.4892
0.4897
0.4902
0.4907
0.4911
0.4916
0.4921
0.4926
0.4931
0.4936
0.4941
0.4946
0.4951
0.4956
0.4961
0.4966
0.4971
0.4976
0.4981
0.4986
0.4991
0.4996
0.5001
0.5006
0.5011
0.5016
0.5021
0.5026
0.5031
0.5036
0.5041
0.5046
0.5051
0.5056
0.5062
0.5067
0.5072
0.5077
0.5082
0.5087
0.5092
0.5098
0.5103
0.5108
0.5113
0.5118
0.5124
0.5129
0.5134
0.5139
0.5144
0.5150
0.5155
0.5160
0.5166
0.5171
0.5176
0.5181
0.5187
0.5192
0.5197
0.5203
0.5208
0.5213
0.5219
0.5224
0.5229
0.5235
0.5240
0.5246
0.5251
0.5256
0.5262
0.5267
0.5273
0.5278
0.5284
0.5289
0.5294
0.5300
0.5305
0.5311
0.5316
0.5322
0.5327
0.5333
0.5338
0.5344
0.5350
0.5355
0.5361
0.5366
0.5372
0.5377
0.5383
0.5389
0.5394
0.5400
0.5406
0.5411
0.5417
0.5422
0.5428
0.5434
0.5440
0.5445
0.5451
0.5457
0.5462
0.5468
0.5474
0.5480
0.5485
0.5491
0.5497
0.5503
0.5508
0.5514
0.5520
0.5526
0.5532
0.5538
0.5543
0.5549
0.5555
0.5561
0.5567
0.5573
0.5579
0.5585
0.5590
0.5596
0.5602
0.5608
0.5614
0.5620
0.5626
0.5632
0.5638
0.5644
0.5650
0.5656
0.5662
0.5668
0.5674
0.5680
0.5686
0.5692
0.5699
0.5705
0.5711
0.5717
0.5723
0.5729
0.5735
0.5741
0.5747
0.5754
0.5760
0.5766
0.5772
0.5778
0.5785
0.5791
0.5797
0.5803
0.5810
0.5816
0.5822
0.5828
0.5835
0.5841
0.5847
0.5854
0.5860
0.5866
0.5873
0.5879
0.5885
0.5892
0.5898
0.5905
0.5911
0.5917
0.5924
0.5930
0.5937
0.5943
0.5950
0.5956
0.5963
0.5969
0.5976
0.5982
0.5989
0.5995
0.6002
0.6008
0.6015
0.6021
0.6028
0.6035
0.6041
0.6048
0.6055
0.6061
0.6068
0.6074
0.6081
0.6088
0.6095
0.6101
0.6108
0.6115
0.6121
0.6128
0.6135
0.6142
0.6148
0.6155
0.6162
0.6169
0.6176
0.6182
0.6189
0.6196
0.6203
0.6210
0.6217
0.6224
0.6231
0.6238
0.6244
0.6251
0.6258
0.6265
0.6272
0.6279
0.6286
0.6293
0.6300
0.6307
0.6314
0.6321
0.6328
0.6335
0.6343
0.6350
0.6357
0.6364
0.6371
0.6378
0.6385
0.6392
0.6400
0.6407
0.6414
0.6421
0.6428
0.6436
0.6443
0.6450
0.6457
0.6465
0.6472
0.6479
0.6487
0.6494
0.6501
0.6509
0.6516
0.6523
0.6531
0.6538
0.6545
0.6553
0.6560
0.6568
0.6575
0.6583
0.6590
0.6598
0.6605
0.6613
0.6620
0.6628
0.6635
0.6643
0.6650
0.6658
0.6665
0.6673
0.6681
0.6688
0.6696
0.6703
0.6711
0.6719
0.6726
0.6734
0.6742
0.6750
0.6757
0.6765
0.6773
0.6781
0.6788
0.6796
0.6804
0.6812
0.6820
0.6827
0.6835
0.6843
0.6851
0.6859
0.6867
0.6875
0.6883
0.6891
0.6899
0.6907
0.6915
0.6923
0.6931
0.6939
0.6947
0.6955
0.6963
0.6971
0.6979
0.6987
0.6995
0.7003
0.7011
0.7020
0.7028
0.7036
0.7044
0.7052
0.7060
0.7069
0.7077
0.7085
0.7093
0.7102
0.7110
0.7118
0.7127
0.7135
0.7143
0.7152
0.7160
0.7168
0.7177
0.7185
0.7194
0.7202
0.7211
0.7219
0.7227
0.7236
0.7244
0.7253
0.7262
0.7270
0.7279
0.7287
0.7296
0.7304
0.7313
0.7322
0.7330
0.7339
0.7348
0.7356
0.7365
0.7374
0.7382
0.7391
0.7400
0.7409
0.7418
0.7426
0.7435
0.7444
0.7453
0.7462
0.7471
0.7479
0.7488
0.7497
0.7506
0.7515
0.7524
0.7533
0.7542
0.7551
0.7560
0.7569
0.7578
0.7587
0.7596
0.7605
0.7614
0.7624
0.7633
0.7642
0.7651
0.7660
0.7669
0.7679
0.7688
0.7697
0.7706
0.7715
0.7725
0.7734
0.7743
0.7753
0.7762
0.7771
0.7781
0.7790
0.7800
0.7809
0.7818
0.7828
0.7837
0.7847
0.7856
0.7866
0.7875
0.7885
0.7894
0.7904
0.7914
0.7923
0.7933
0.7942
0.7952
0.7962
0.7971
0.7981
0.7991
0.8001
0.8010
0.8020
0.8030
0.8040
0.8049
0.8059
0.8069
0.8079
0.8089
0.8099
0.8109
0.8118
0.8128
0.8138
0.8148
0.8158
0.8168
0.8178
0.8188
0.8198
0.8208
0.8219
0.8229
0.8239
0.8249
0.8259
0.8269
0.8279
0.8290
0.8300
0.8310
0.8320
0.8331
0.8341
0.8351
0.8361
0.8372
0.8382
0.8392
0.8403
0.8413
0.8424
0.8434
0.8445
0.8455
0.8466
0.8476
0.8487
0.8497
0.8508
0.8518
0.8529
0.8539
0.8550
0.8561
0.8571
0.8582
0.8593
0.8603
0.8614
0.8625
0.8636
0.8646
0.8657
0.8668
0.8679
0.8690
0.8701
0.8712
0.8722
0.8733
0.8744
0.8755
0.8766
0.8777
0.8788
0.8799
0.8810
0.8821
0.8833
0.8844
0.8855
0.8866
0.8877
0.8888
0.8899
0.8911
0.8922
0.8933
0.8944
0.8956
0.8967
0.8978
0.8990
0.9001
0.9012
0.9024
0.9035
0.9047
0.9058
0.9070
0.9081
0.9093
0.9104
0.9116
0.9127
0.9139
0.9151
0.9162
0.9174
0.9186
0.9197
0.9209
0.9221
0.9233
0.9244
0.9256
0.9268
0.9280
0.9292
0.9303
0.9315
0.9327
0.9339
0.9351
0.9363
0.9375
0.9387
0.9399
0.9411
0.9423
0.9435
0.9447
0.9460
0.9472
0.9484
0.9496
0.9508
0.9521
0.9533
0.9545
0.9557
0.9570
0.9582
0.9594
0.9607
0.9619
0.9632
0.9644
0.9657
0.9669
0.9682
0.9694
0.9707
0.9719
0.9732
0.9744
0.9757
0.9770
0.9782
0.9795
0.9808
0.9820
0.9833
0.9846
0.9859
0.9872
0.9884
0.9897
0.9910
0.9923
0.9936
0.9949
0.9962
0.9975
0.9988
1.0001
1.0014
1.0027
1.0040
1.0053
1.0067
1.0080
1.0093
1.0106
1.0119
1.0133
1.0146
1.0159
1.0173
1.0186
1.0199
1.0213
1.0226
1.0240
1.0253
1.0267
1.0280
1.0294
1.0307
1.0321
1.0334
1.0348
1.0362
1.0375
1.0389
1.0403
1.0417
1.0430
1.0444
1.0458
1.0472
1.0486
1.0499
1.0513
1.0527
1.0541
1.0555
1.0569
1.0583
1.0597
1.0611
1.0626
1.0640
1.0654
1.0668
1.0682
1.0696
1.0711
1.0725
1.0739
1.0754
1.0768
1.0782
1.0797
1.0811
1.0825
1.0840
1.0854
1.0869
1.0884
1.0898
1.0913
1.0927
1.0942
1.0957
1.0971
1.0986
1.1001
1.1016
1.1030
1.1045
1.1060
1.1075
1.1090
1.1105
1.1120
1.1135
1.1150
1.1165
1.1180
1.1195
1.1210
1.1225
1.1240
1.1255
1.1270
1.1286
1.1301
1.1316
1.1332
1.1347
1.1362
1.1378
1.1393
1.1408
1.1424
1.1439
1.1455
1.1471
1.1486
1.1502
1.1517
1.1533
1.1549
1.1564
1.1580
1.1596
1.1612
1.1627
1.1643
1.1659
1.1675
1.1691
1.1707
1.1723
1.1739
1.1755
1.1771
1.1787
1.1803
1.1819
1.1836
1.1852
1.1868
1.1884
1.1901
1.1917
1.1933
1.1950
1.1966
1.1983
1.1999
1.2015
1.2032
1.2049
1.2065
1.2082
1.2098
1.2115
1.2132
1.2148
1.2165
1.2182
1.2199
1.2216
1.2233
1.2249
1.2266
1.2283
1.2300
1.2317
1.2334
1.2351
1.2369
1.2386
1.2403
1.2420
1.2437
1.2455
1.2472
1.2489
1.2506
1.2524
1.2541
1.2559
1.2576
1.2594
1.2611
1.2629
1.2646
1.2664
1.2682
1.2699
1.2717
1.2735
1.2753
1.2770
1.2788
1.2806
1.2824
1.2842
1.2860
1.2878
1.2896
1.2914
1.2932
1.2950
1.2968
1.2986
1.3005
1.3023
1.3041
1.3060
1.3078
1.3096
1.3115
1.3133
1.3152
1.3170
1.3189
1.3207
1.3226
1.3244
1.3263
1.3282
1.3301
1.3319
1.3338
1.3357
1.3376
1.3395
1.3414
1.3433
1.3452
1.3471
1.3490
1.3509
1.3528
1.3547
1.3566
1.3586
1.3605
1.3624
1.3644
1.3663
1.3682
1.3702
1.3721
1.3741
1.3760
1.3780
1.3800
1.3819
1.3839
1.3859
1.3879
1.3898
1.3918
1.3938
1.3958
1.3978
1.3998
1.4018
1.4038
1.4058
1.4078
1.4098
1.4118
1.4139
1.4159
1.4179
1.4200
1.4220
1.4240
1.4261
1.4281
1.4302
1.4322
1.4343
1.4364
1.4384
1.4405
1.4426
1.4446
1.4467
1.4488
1.4509
1.4530
1.4551
1.4572
1.4593
1.4614
1.4635
1.4656
1.4677
1.4699
1.4720
1.4741
1.4762
1.4784
1.4805
1.4827
1.4848
1.4870
1.4891
1.4913
1.4935
1.4956
1.4978
1.5000
1.5022
1.5043
1.5065
1.5087
1.5109
1.5131
1.5153
1.5175
1.5197
1.5220
1.5242
1.5264
1.5286
1.5309
1.5331
1.5353
1.5376
1.5398
1.5421
1.5443
1.5466
1.5489
1.5511
1.5534
1.5557
1.5580
1.5602
1.5625
1.5648
1.5671
1.5694
1.5717
1.5740
1.5764
1.5787
1.5810
1.5833
1.5856
1.5880
1.5903
1.5927
1.5950
1.5974
1.5997
1.6021
1.6044
1.6068
1.6092
1.6116
1.6139
1.6163
1.6187
1.6211
1.6235
1.6259
1.6283
1.6307
1.6332
1.6356
1.6380
1.6404
1.6429
1.6453
1.6478
1.6502
1.6527
1.6551
1.6576
1.6600
1.6625
1.6650
1.6675
1.6699
1.6724
1.6749
1.6774
1.6799
1.6824
1.6849
1.6875
1.6900
1.6925
1.6950
1.6976
1.7001
1.7027
1.7052
1.7078
1.7103
1.7129
1.7154
1.7180
1.7206
1.7232
1.7258
1.7283
1.7309
1.7335
1.7361
1.7388
1.7414
1.7440
1.7466
1.7492
1.7519
1.7545
1.7572
1.7598
1.7625
1.7651
1.7678
1.7705
1.7731
1.7758
1.7785
1.7812
1.7839
1.7866
1.7893
1.7920
1.7947
1.7974
1.8001
1.8028
1.8056
1.8083
1.8111
1.8138
1.8166
1.8193
1.8221
1.8249
1.8276
1.8304
1.8332
1.8360
1.8388
1.8416
1.8444
1.8472
1.8500
1.8528
1.8556
1.8585
1.8613
1.8641
1.8670
1.8698
1.8727
1.8756
1.8784
1.8813
1.8842
1.8871
1.8899
1.8928
1.8957
1.8986
1.9016
1.9045
1.9074
1.9103
1.9133
1.9162
1.9191
1.9221
1.9250
1.9280
1.9310
1.9339
1.9369
1.9399
1.9429
1.9459
1.9489
1.9519
1.9549
1.9579
1.9609
1.9639
1.9670
1.9700
1.9730
1.9761
1.9791
1.9822
1.9853
1.9883
1.9914
1.9945
1.9976
2.0007
2.0038
2.0069
2.0100
2.0131
2.0163
2.0194
2.0225
2.0257
2.0288
2.0320
2.0351
2.0383
2.0415
2.0446
2.0478
2.0510
2.0542
2.0574
2.0606
2.0638
2.0670
2.0703
2.0735
2.0767
2.0800
2.0832
2.0865
2.0897
2.0930
2.0963
2.0996
2.1028
2.1061
2.1094
2.1127
2.1161
2.1194
2.1227
2.1260
2.1294
2.1327
2.1361
2.1394
2.1428
2.1461
2.1495
2.1529
2.1563
2.1597
2.1631
2.1665
2.1699
2.1733
2.1767
2.1802
2.1836
2.1871
2.1905
2.1940
2.1974
2.2009
2.2044
2.2079
2.2114
2.2149
2.2184
2.2219
2.2254
2.2289
2.2324
2.2360
2.2395
2.2431
2.2466
2.2502
2.2538
2.2573
2.2609
2.2645
2.2681
2.2717
2.2753
2.2790
2.2826
2.2862
2.2899
2.2935
2.2972
2.3008
2.3045
2.3082
2.3118
2.3155
2.3192
2.3229
2.3266
2.3304
2.3341
2.3378
2.3416
2.3453
2.3491
2.3528
2.3566
2.3604
2.3641
2.3679
2.3717
2.3755
2.3793
2.3832
2.3870
2.3908
2.3947
2.3985
2.4024
2.4062
2.4101
2.4140
2.4179
2.4218
2.4257
2.4296
2.4335
2.4374
2.4413
2.4453
2.4492
2.4532
2.4571
2.4611
2.4651
2.4690
2.4730
2.4770
2.4810
2.4851
2.4891
2.4931
2.4971
2.5012
2.5052
2.5093
2.5134
2.5174
2.5215
2.5256
2.5297
2.5338
2.5379
2.5421
2.5462
2.5503
2.5545
2.5586
2.5628
2.5670
2.5712
2.5753
2.5795
2.5837
2.5880
2.5922
2.5964
2.6006
2.6049
2.6091
2.6134
2.6177
2.6220
2.6262
2.6305
2.6348
2.6391
2.6435
2.6478
2.6521
2.6565
2.6608
2.6652
2.6696
2.6739
2.6783
2.6827
2.6871
2.6915
2.6960
2.7004
2.7048
2.7093
2.7137
2.7182
2.7227
2.7272
2.7317
2.7362
2.7407
2.7452
2.7497
2.7542
2.7588
2.7633
2.7679
2.7725
2.7771
2.7816
2.7862
2.7908
2.7955
2.8001
2.8047
2.8094
2.8140
2.8187
2.8233
2.8280
2.8327
2.8374
2.8421
2.8468
2.8516
2.8563
2.8610
2.8658
2.8706
2.8753
2.8801
2.8849
2.8897
2.8945
2.8993
2.9042
2.9090
2.9138
2.9187
2.9236
2.9284
2.9333
2.9382
2.9431
2.9480
2.9530
2.9579
2.9628
2.9678
2.9728
2.9777
2.9827
2.9877
2.9927
2.9977
3.0027
3.0078
3.0128
3.0179
3.0229
3.0280
3.0331
3.0382
3.0433
3.0484
3.0535
3.0587
3.0638
3.0689
3.0741
3.0793
3.0845
3.0897
3.0949
3.1001
3.1053
3.1105
3.1158
3.1210
3.1260
3.1310
3.1360
3.1408
3.1456
3.1502
3.1548
3.1593
3.1638
3.1681
3.1724
3.1766
3.1807
3.1847
3.1886
3.1924
3.1962
3.1999
3.2035
3.2070
3.2104
3.2138
3.2170
3.2202
3.2233
3.2263
3.2292
3.2320
3.2348
3.2374
3.2400
3.2425
3.2449
3.2472
3.2494
3.2516
3.2536
3.2556
3.2575
3.2593
3.2610
3.2626
3.2641
3.2655
3.2669
3.2681
3.2693
3.2704
3.2714
3.2723
3.2731
3.2738
3.2745
3.2750
3.2755
3.2758
3.2761
3.2763
3.2764
3.2764
3.2764
3.2764
3.2764
3.2764
3.2764
3.2764
3.2764
3.2764
3.2764
3.2764
3.2764
3.2764
3.2764
3.2764
3.2764
3.2764
3.2764
3.2764
3.2764
3.2764
3.2764
3.2764
3.2764
3.2764
3.2764
3.2764
3.2764
3.2764
3.2764
3.2764
3.2764
3.2764
3.2764
3.2764
3.2764
3.2764
3.2764
3.2764
3.2764
3.2764
3.2764
3.2764
3.2764
3.2764
3.2764
3.2764
3.2764
3.2764
3.2764
3.2764
3.2764
3.2764
3.2764
3.2764
3.2764
3.2764
3.2764
3.2764
3.2764
3.2764
3.2764
3.2764
3.2764
3.2764
3.2764
3.2764
3.2764
3.2764
3.2764
3.2764
3.2764
3.2764
3.2764
3.2764
3.2764
3.2764
3.2764
3.2764
3.2764
3.2764
3.2764
3.2764
3.2764
3.2764
3.2764
3.2764
3.2764
3.2764
3.2764
3.2764
3.2764
3.2764
3.2764
3.2764
3.2764
3.2764
3.2764
3.2764
3.2764
3.2764
3.2764
3.2764
3.2764
3.2764
3.2764
3.2764
3.2764
3.2764
3.2764
3.2764
3.2764
3.2764
3.2764
3.2764
3.2764
3.2764
3.2764
3.2764
3.2764
3.2764
3.2764
3.2764
3.2764
3.2764
3.2764
3.2764
3.2764
3.2764
3.2764
3.2764
3.2764
3.2764
3.2764
3.2764
3.2764
3.2764
3.2764
3.2764
3.2764
3.2764
3.2764
3.2764
3.2764
3.2764
3.2764
3.2764
3.2764
3.2764
3.2764
3.2764
3.2764
3.2764
3.2764
3.2764
3.2764
3.2764
3.2764
3.2764
3.2764
3.2764
3.2764
3.2764
3.2764
3.2764
3.2764
3.2764
3.2764
3.2764
3.2764
3.2764
3.2764
3.2764
3.2764
3.2764
3.2764
3.2764
3.2764
3.2764
3.2764
3.2764
3.2764
3.2764
3.2764
3.2764
3.2764
3.2764
3.2764
3.2764
3.2764
3.2764
3.2764
3.2764
3.2764
3.2764
3.2764
3.2764
3.2764
3.2764
3.2764
3.2764
3.2764
3.2764
3.2764
3.2764
3.2764
3.2764
3.2764
3.2764
3.2764
3.2764
3.2764
3.2764
3.2764
3.2764
3.2764
3.2764
3.2764
3.2764
3.2764
3.2764
3.2764
3.2764
3.2764
3.2764
3.2764
3.2764
3.2764
3.2764
3.2764
3.2764
3.2764
3.2764
3.2764
3.2764
3.2764
3.2764
3.2764
3.2764
3.2764
3.2764
3.2764
3.2764
3.2764
3.2764
3.2764
3.2764
3.2764
3.2764
3.2764
3.2764
3.2764
3.2764
3.2764
3.2764
3.2764
3.2764
3.2764
3.2764
3.2764
3.2764
3.2764
3.2764
3.2764
3.2764
3.2764
3.2764
3.2764
3.2764
3.2764
3.2764
3.2764
3.2764
3.2764
3.2764
3.2764
3.2764
3.2764
3.2764
3.2764
3.2764
3.2764
3.2764
3.2764
3.2764
3.2764
3.2764
3.2764
3.2764
3.2764
3.2764
3.2764
3.2764
3.2764
3.2764
3.2764
3.2764
3.2764
3.2764
3.2764
3.2764
3.2764
3.2764
3.2764
3.2764
3.2764
3.2764
3.2764
3.2764
3.2764
3.2764
3.2764
3.2764
3.2764
3.2764
3.2764
3.2764
3.2764
3.2764
3.2764
3.2764
3.2764
3.2764
3.2764
3.2764
3.2764
3.2764
3.2764
3.2764
3.2764
3.2764
3.2764
3.2764
3.2764
3.2764
3.2764
3.2764
3.2764
3.2764
3.2764
3.2764
3.2764
3.2764
3.2764
3.2764
3.2764
3.2764
3.2764
3.2764
3.2764
3.2764
3.2764
3.2764
3.2764
3.2764
3.2764
3.2764
3.2764
3.2764
3.2764
3.2764
3.2764
3.2764
3.2764
3.2764
3.2764
3.2764
3.2764
3.2764
3.2764
3.2764
3.2764
3.2764
3.2764
3.2764
3.2764
3.2764
3.2764
3.2764
3.2764
3.2764
3.2764
3.2764
3.2764
3.2764
3.2764
3.2764
3.2764
3.2764
3.2764
3.2764
3.2764
3.2764
3.2764
3.2764
3.2764
3.2764
3.2764
3.2764
3.2764
3.2764
3.2764
3.2764
3.2764
3.2764
3.2764
3.2764
3.2764
3.2764
3.2764
3.2764
3.2764
3.2764
3.2764
3.2764
3.2764
3.2764
3.2764
3.2764
3.2764
3.2764
3.2764
3.2764
3.2764
3.2764
3.2764
3.2764
3.2764
3.2764
3.2764
3.2764
3.2764
3.2764
3.2764
3.2764
3.2764
3.2764
3.2764
3.2764
3.2764
3.2764
3.2764
3.2764
3.2764
3.2764
3.2764
3.2764
3.2764
3.2764
3.2764
3.2764
3.2764
3.2764
3.2764
3.2764
3.2764
3.2764
3.2764
3.2764
3.2764
3.2764
3.2764
3.2764
3.2764
3.2764
3.2764
3.2764
3.2764
3.2764
3.2764
3.2764
3.2764
3.2764
3.2764
3.2764
3.2764
3.2764
3.2764
3.2764
3.2764
3.2764
3.2764
3.2764
3.2764
3.2764
3.2764
3.2764
3.2764
3.2764
3.2764
3.2764
3.2764
3.2764
3.2764
3.2764
3.2764
3.2764
3.2764
3.2764
3.2764
3.2764
3.2764
3.2764
3.2764
3.2764
3.2764
3.2764
3.2764
3.2764
3.2764
3.2764
3.2764
3.2764
3.2764
3.2764
3.2764
3.2764
3.2764
3.2764
3.2764
3.2764
3.2764
3.2764
3.2764
3.2764
3.2764
3.2764
3.2764
3.2764
3.2764
3.2764
3.2764
3.2764
3.2764
3.2764
3.2764
3.2764
3.2764
3.2764
3.2764
3.2764
3.2764
3.2764
3.2764
3.2764
3.2764
3.2764
3.2764
3.2764
3.2764
3.2764
3.2764
3.2764
3.2764
3.2764
3.2764
3.2764
3.2764
3.2764
3.2764
3.2764
3.2764
3.2764
3.2764
3.2764
3.2764
3.2764
3.2764
3.2764
3.2764
3.2764
3.2764
3.2764
3.2764
3.2764
3.2764
3.2764
3.2764
3.2764
3.2764
3.2764
3.2764
3.2764
3.2764
3.2764
3.2764
3.2764
3.2764
3.2764
3.2764
3.2764
3.2764
3.2764
3.2764
3.2764
3.2764
3.2764
3.2764
3.2764
3.2764
3.2764
3.2764
3.2764
3.2764
3.2764
3.2764
3.2764
3.2764
3.2764
3.2764
3.2764
3.2764
3.2764
3.2764
3.2764
3.2764
3.2764
3.2764
3.2764
3.2764
3.2764
3.2764
3.2764
3.2764
3.2764
3.2764
3.2764
3.2764
3.2764
3.2764
3.2764
3.2764
3.2764
3.2764
3.2764
3.2764
3.2764
3.2764
3.2764
3.2764
3.2764
3.2764
3.2764
3.2764
3.2764
3.2764
3.2764
3.2764
3.2764
3.2764
3.2764
3.2764
3.2764
3.2764
3.2764
3.2764
3.2764
3.2764
3.2764
3.2764
3.2764
3.2764
3.2764
3.2764
3.2764
